0 0.489673 0.557870 0.015266 0.035121
0 0.438937 0.630907 0.017960 0.043902
0 0.398752 0.363506 0.018409 0.040709
0 0.314116 0.660441 0.016164 0.040709
0 0.356097 0.606162 0.015715 0.039112
0 0.414242 0.404215 0.016164 0.043902
0 0.353628 0.570642 0.014368 0.035121
0 0.239808 0.294061 0.015715 0.039112
0 0.242726 0.418981 0.015266 0.031928
0 0.242502 0.392640 0.013919 0.039911
0 0.213991 0.433748 0.014368 0.037516
0 0.462958 0.283285 0.013021 0.039911
0 0.330056 0.563857 0.013021 0.034323
0 0.342179 0.623324 0.014817 0.033525
0 0.326239 0.625319 0.015266 0.039112
0 0.318606 0.592193 0.014368 0.041507
0 0.351832 0.769796 0.015266 0.040709
0 0.456897 0.852375 0.011674 0.035193
0 0.370241 0.279693 0.013470 0.042305
0 0.301994 0.275303 0.013470 0.043103
0 0.255298 0.466475 0.016164 0.037516
0 0.218930 0.325591 0.015266 0.035121
0 0.247665 0.762612 0.016164 0.037516
0 0.281340 0.794141 0.013470 0.038314
0 0.362159 0.798930 0.014368 0.033525
0 0.350709 0.813298 0.014817 0.036718
0 0.416936 0.784563 0.014368 0.036718
0 0.417610 0.224617 0.014817 0.042305
0 0.479346 0.242976 0.013470 0.035920
0 0.376976 0.883142 0.014368 0.035920
0 0.402568 0.184307 0.015266 0.030332
0 0.268319 0.623324 0.014368 0.031928
0 0.200970 0.692768 0.014368 0.028736
0 0.173357 0.623324 0.013021 0.030332
0 0.212195 0.513969 0.015266 0.033525
0 0.399201 0.157567 0.018409 0.037516
