0 0.494075 0.538798 0.015266 0.035121
0 0.450775 0.606775 0.017960 0.043902
0 0.418438 0.389320 0.013147 0.033432
0 0.358447 0.601873 0.016164 0.040709
0 0.385592 0.585813 0.015715 0.039112
0 0.431327 0.422486 0.016527 0.034233
0 0.363446 0.550417 0.014368 0.035121
0 0.290604 0.335175 0.015715 0.039112
0 0.292669 0.411949 0.014368 0.037516
0 0.292922 0.435834 0.013919 0.039911
0 0.301883 0.473423 0.014368 0.037516
0 0.432768 0.284348 0.013021 0.039911
0 0.351889 0.573643 0.013021 0.034323
0 0.373611 0.598703 0.014817 0.033525
0 0.351402 0.630350 0.015266 0.039112
0 0.312365 0.598096 0.014368 0.041507
0 0.379878 0.720323 0.015266 0.040709
0 0.458297 0.903730 0.011674 0.035193
0 0.394205 0.322685 0.013470 0.042305
0 0.340300 0.316698 0.013470 0.043103
0 0.267304 0.444063 0.016164 0.037516
0 0.272113 0.360504 0.015266 0.035121
0 0.295986 0.715607 0.016164 0.037516
0 0.321658 0.737772 0.013470 0.038314
0 0.379081 0.755490 0.014368 0.033525
0 0.388431 0.740065 0.014817 0.036718
0 0.400162 0.811072 0.014368 0.036718
0 0.471679 0.322971 0.014817 0.042305
0 0.483137 0.288255 0.013470 0.035920
0 0.267086 0.507729 0.018858 0.034323
0 0.260414 0.964228 0.014368 0.035920
0 0.421556 0.240958 0.015266 0.030332
0 0.150083 0.991363 0.010772 0.015884
0 0.235063 0.595119 0.014580 0.028365
0 0.256932 0.656739 0.011554 0.033255
0 0.432576 0.734253 0.012929 0.028854
0 0.465449 0.789026 0.011554 0.028854
0 0.417584 0.223445 0.011554 0.026408
