0 0.494516 0.532618 0.015266 0.035121
0 0.407075 0.700695 0.009585 0.033161
0 0.412155 0.351043 0.013178 0.036339
0 0.281395 0.575398 0.009136 0.035094
0 0.404574 0.570027 0.010101 0.033152
0 0.435246 0.285776 0.011682 0.033345
0 0.387308 0.539589 0.014368 0.035121
0 0.327692 0.362089 0.015715 0.039112
0 0.329428 0.429531 0.012958 0.029565
0 0.328079 0.448332 0.009880 0.026096
0 0.337496 0.478709 0.014368 0.037516
0 0.477278 0.353522 0.013021 0.039911
0 0.378245 0.560378 0.013021 0.034323
0 0.394913 0.580532 0.009359 0.030515
0 0.376550 0.608364 0.008937 0.024571
0 0.384342 0.582179 0.008614 0.032764
0 0.332881 0.675125 0.015266 0.040709
0 0.417972 0.750910 0.011674 0.035193
0 0.366329 0.347243 0.013470 0.042305
0 0.431462 0.268669 0.010435 0.032637
0 0.309460 0.454334 0.009424 0.030534
0 0.312659 0.383227 0.015266 0.035121
0 0.299719 0.625299 0.016164 0.037516
0 0.345531 0.579046 0.013470 0.038314
0 0.399974 0.680346 0.014368 0.033525
0 0.354157 0.694127 0.014817 0.036718
0 0.444328 0.687372 0.014368 0.036718
0 0.444215 0.319459 0.014817 0.042305
0 0.486100 0.325442 0.013470 0.035920
0 0.308094 0.508877 0.018858 0.034323
0 0.401577 0.710260 0.014368 0.035920
0 0.431575 0.408163 0.015266 0.030332
0 0.443989 0.439337 0.011945 0.025826
0 0.460424 0.591192 0.010896 0.030336
0 0.471423 0.737573 0.011102 0.025585
0 0.466488 0.834613 0.011102 0.025950
0 0.211451 0.910270 0.010485 0.025950
0 0.303043 0.888523 0.010280 0.022661
0 0.287007 0.951389 0.011924 0.029240
0 0.221937 0.993238 0.007607 0.009137
0 0.318154 0.986842 0.012952 0.021930
0 0.384766 0.944810 0.010074 0.024123
