0 0.487204 0.583812 0.017511 0.045498
0 0.398527 0.727490 0.017960 0.043902
0 0.328035 0.273308 0.017062 0.047095
0 0.186153 0.775383 0.016164 0.040709
0 0.256421 0.683589 0.015715 0.039112
0 0.355873 0.345147 0.016164 0.043902
0 0.250359 0.620929 0.014368 0.035121
0 0.059761 0.156769 0.015715 0.039112
0 0.066721 0.321999 0.014368 0.037516
0 0.015760 0.387053 0.013919 0.039911
0 0.085578 0.443327 0.014368 0.037516
0 0.438712 0.136414 0.013021 0.039911
0 0.211970 0.610951 0.013021 0.034323
0 0.232624 0.707136 0.014817 0.033525
0 0.205460 0.713921 0.015266 0.039112
0 0.191990 0.662037 0.013470 0.032727
0 0.250584 0.962963 0.014817 0.034323
0 0.356546 0.984128 0.013021 0.030356
0 0.279319 0.132822 0.014817 0.029534
0 0.164377 0.124840 0.013919 0.031130
0 0.064027 0.369891 0.015266 0.034323
0 0.024515 0.211446 0.015266 0.035121
0 0.072108 0.945003 0.016164 0.033525
