0 0.489673 0.557870 0.015266 0.035121
0 0.425467 0.662037 0.017960 0.043902
0 0.387527 0.346743 0.018409 0.040709
0 0.293463 0.679598 0.016164 0.040709
0 0.341281 0.618135 0.015715 0.039112
0 0.406609 0.394636 0.016164 0.043902
0 0.337464 0.577826 0.014368 0.035121
0 0.211072 0.273308 0.015715 0.039112
0 0.215787 0.381865 0.014368 0.037516
0 0.212868 0.409403 0.013919 0.039911
0 0.227909 0.463282 0.014368 0.037516
0 0.460264 0.258541 0.013021 0.039911
0 0.311647 0.568646 0.013021 0.034323
0 0.325117 0.635297 0.014817 0.033525
0 0.306483 0.641284 0.015266 0.039112
0 0.297953 0.604167 0.014368 0.041507
0 0.335668 0.800128 0.015266 0.040709
0 0.451509 0.893083 0.011674 0.035193
0 0.354526 0.252554 0.013470 0.042305
0 0.279544 0.248962 0.013470 0.043103
0 0.182112 0.425766 0.016164 0.037516
0 0.187051 0.306434 0.015266 0.035121
0 0.219828 0.790549 0.016164 0.037516
0 0.256645 0.824473 0.013470 0.038314
0 0.335219 0.847621 0.014368 0.033525
0 0.345321 0.832455 0.014817 0.036718
0 0.406160 0.817289 0.014368 0.036718
0 0.407283 0.200670 0.014817 0.042305
0 0.476203 0.211845 0.013470 0.035920
0 0.180765 0.510377 0.018858 0.034323
0 0.361710 0.923052 0.014368 0.035920
0 0.391343 0.146791 0.017960 0.036718
0 0.387302 0.122047 0.012572 0.028736
0 0.242277 0.638091 0.015266 0.035920
0 0.169316 0.712324 0.014817 0.032727
