0 0.486979 0.567449 0.015266 0.035121
0 0.418732 0.682791 0.017960 0.043902
0 0.362159 0.312420 0.017062 0.047095
0 0.245420 0.723499 0.016164 0.040709
0 0.303565 0.649266 0.015715 0.039112
0 0.384159 0.371488 0.016164 0.043902
0 0.300647 0.596185 0.014368 0.035121
0 0.144172 0.221424 0.015715 0.039112
0 0.148886 0.353129 0.014368 0.037516
0 0.145968 0.390246 0.013919 0.039911
0 0.165050 0.453704 0.014368 0.037516
0 0.450835 0.202666 0.013021 0.039911
0 0.266747 0.587803 0.013021 0.034323
0 0.284707 0.668822 0.014817 0.033525
0 0.262482 0.674808 0.015266 0.039112
0 0.250808 0.630907 0.013470 0.032727
0 0.297953 0.873563 0.015266 0.040709
0 0.440508 0.984491 0.013021 0.029630
0 0.321300 0.198276 0.013470 0.042305
0 0.228807 0.189895 0.013470 0.043103
0 0.108477 0.409004 0.016164 0.037516
0 0.114763 0.265725 0.015266 0.035121
0 0.154274 0.861590 0.016164 0.037516
0 0.200072 0.904294 0.013470 0.038314
0 0.297055 0.931434 0.014368 0.033525
0 0.308953 0.915469 0.014817 0.036718
0 0.384159 0.890725 0.014368 0.036718
0 0.385731 0.131226 0.014817 0.042305
0 0.470366 0.147190 0.013470 0.035920
0 0.104885 0.518359 0.018858 0.034323
