0 0.493975 0.534509 0.011140 0.029651
0 0.438389 0.706887 0.014444 0.033820
0 0.426929 0.400821 0.013975 0.028553
0 0.367326 0.567957 0.010628 0.029315
0 0.397107 0.577958 0.009428 0.028970
0 0.437605 0.431763 0.011036 0.034704
0 0.376402 0.545780 0.011527 0.029193
0 0.311309 0.350556 0.015715 0.039112
0 0.295173 0.374315 0.014368 0.037516
0 0.313107 0.423036 0.009734 0.029636
0 0.322184 0.474188 0.012977 0.028436
0 0.473986 0.342251 0.013021 0.039911
0 0.261185 0.583889 0.013021 0.034323
0 0.384861 0.589036 0.009870 0.029010
0 0.373293 0.591736 0.011117 0.030169
0 0.331089 0.587707 0.010095 0.029005
0 0.340647 0.714404 0.011879 0.028507
0 0.447019 0.936985 0.011674 0.035193
0 0.404047 0.336178 0.013470 0.042305
0 0.355547 0.336313 0.013927 0.038538
0 0.312339 0.443518 0.012763 0.027597
0 0.291672 0.449944 0.008813 0.029488
0 0.281936 0.639054 0.011367 0.024658
0 0.315695 0.689926 0.013470 0.038314
0 0.391949 0.730124 0.012280 0.030754
0 0.392486 0.696973 0.011705 0.030800
0 0.410337 0.777229 0.013821 0.032076
0 0.439702 0.305506 0.014817 0.042305
0 0.484706 0.310498 0.013470 0.035920
0 0.290886 0.507611 0.012504 0.032472
0 0.283896 0.922559 0.014368 0.035920
0 0.429831 0.268338 0.015266 0.030332
0 0.185733 0.947850 0.012191 0.026539
0 0.267342 0.990313 0.010699 0.015924
0 0.373955 0.986553 0.010947 0.024328
0 0.463525 0.866684 0.011445 0.026982
0 0.469123 0.760970 0.010699 0.024328
0 0.457181 0.598195 0.010201 0.027866
0 0.425333 0.250531 0.010201 0.027866
0 0.364998 0.620533 0.012440 0.025655
0 0.399084 0.720497 0.009952 0.028309
