0 0.489673 0.557870 0.015266 0.035121
0 0.425467 0.662037 0.017960 0.043902
0 0.375404 0.332375 0.018409 0.040709
0 0.268768 0.701149 0.016164 0.040709
0 0.322872 0.635696 0.015715 0.039112
0 0.395384 0.384259 0.016164 0.043902
0 0.318606 0.586606 0.014368 0.035121
0 0.179194 0.246169 0.015715 0.039112
0 0.183459 0.369891 0.014368 0.037516
0 0.182337 0.400623 0.013919 0.039911
0 0.198725 0.461686 0.014368 0.037516
0 0.455325 0.232998 0.013021 0.039911
0 0.290544 0.579023 0.013021 0.034323
0 0.304014 0.654454 0.014817 0.033525
0 0.285381 0.657248 0.015266 0.039112
0 0.275503 0.613745 0.014368 0.041507
0 0.317708 0.835249 0.015266 0.040709
0 0.447019 0.936985 0.011674 0.035193
0 0.338362 0.227810 0.013470 0.042305
0 0.255298 0.221823 0.013470 0.043103
0 0.147091 0.416188 0.016164 0.037516
0 0.153825 0.285680 0.015266 0.035121
0 0.187051 0.819285 0.016164 0.037516
0 0.230603 0.861989 0.013470 0.038314
0 0.316361 0.887532 0.014368 0.033525
0 0.327362 0.869173 0.014817 0.036718
0 0.394935 0.849218 0.014368 0.036718
0 0.397405 0.167944 0.014817 0.042305
0 0.473509 0.183110 0.013470 0.035920
0 0.144397 0.519955 0.018858 0.034323
0 0.347342 0.972542 0.014368 0.035920
0 0.380568 0.110872 0.015266 0.030332
