0 0.488102 0.572637 0.017511 0.045498
0 0.408405 0.701948 0.017960 0.043902
0 0.345995 0.293263 0.017062 0.047095
0 0.217134 0.748244 0.016164 0.040709
0 0.282013 0.665230 0.015715 0.039112
0 0.371139 0.356322 0.016164 0.043902
0 0.275952 0.607360 0.014368 0.035121
0 0.103763 0.190294 0.015715 0.039112
0 0.109375 0.339559 0.014368 0.037516
0 0.107355 0.379071 0.013919 0.039911
0 0.127784 0.448116 0.014368 0.037516
0 0.444998 0.172334 0.013021 0.039911
0 0.240706 0.598978 0.013021 0.034323
0 0.257768 0.687979 0.014817 0.033525
0 0.234644 0.692369 0.015266 0.039112
0 0.222522 0.643678 0.013470 0.032727
0 0.275054 0.915868 0.015266 0.040709
0 0.356546 0.984128 0.013021 0.030356
0 0.301545 0.163953 0.013470 0.042305
0 0.198725 0.156370 0.013470 0.043103
0 0.064027 0.398627 0.016164 0.037516
0 0.071210 0.236989 0.015266 0.035121
0 0.114763 0.903097 0.016164 0.037516
0 0.165948 0.952187 0.013470 0.038314
0 0.274156 0.982519 0.014368 0.033525
0 0.289197 0.960967 0.014817 0.028736
0 0.371139 0.935425 0.014368 0.036718
0 0.373608 0.100894 0.013021 0.016762
0 0.468121 0.111271 0.013470 0.031130
