0 0.490945 0.583960 0.009351 0.028029
0 0.456178 0.640760 0.010215 0.029839
0 0.429169 0.463188 0.009995 0.025899
0 0.328268 0.723654 0.009766 0.031085
0 0.374217 0.613913 0.013409 0.031817
0 0.440218 0.489430 0.010289 0.028659
0 0.383296 0.593241 0.014368 0.035121
0 0.323750 0.413808 0.015715 0.039112
0 0.308608 0.437567 0.014368 0.037516
0 0.324178 0.500158 0.012471 0.032859
0 0.325367 0.485571 0.014368 0.037516
0 0.472010 0.407941 0.008511 0.027978
0 0.341549 0.632102 0.013021 0.034323
0 0.380383 0.635083 0.009870 0.027515
0 0.296492 0.677546 0.011116 0.036362
0 0.277720 0.629984 0.010343 0.031522
0 0.397374 0.734522 0.007898 0.026799
0 0.462445 0.884349 0.011674 0.035193
0 0.408774 0.401642 0.013470 0.042305
0 0.363031 0.399194 0.013470 0.043103
0 0.305372 0.505000 0.012265 0.034674
0 0.333214 0.528072 0.015266 0.035121
0 0.414425 0.806956 0.009626 0.028781
0 0.396585 0.762645 0.009432 0.026285
0 0.404265 0.752507 0.010040 0.030637
0 0.351059 0.749606 0.009465 0.026707
0 0.439945 0.742062 0.010835 0.030296
0 0.440445 0.373852 0.011825 0.032117
0 0.482218 0.379943 0.013470 0.035920
0 0.303600 0.558699 0.014813 0.032915
0 0.467495 0.788709 0.010925 0.030266
0 0.428338 0.322301 0.015266 0.030332
0 0.431429 0.342091 0.011943 0.026097
0 0.298069 0.940552 0.013933 0.026097
0 0.208748 0.963774 0.010450 0.025655
0 0.373582 0.663217 0.011694 0.026097
0 0.401324 0.626504 0.008459 0.026097
0 0.391247 0.634908 0.009703 0.023443
