0 0.998860 0.895578 0.000000 0.056382
0 0.998860 0.998885 0.000000 0.000000
0 0.271152 0.364350 0.020732 0.031964
0 0.784545 0.998885 0.047183 0.000000
0 0.534219 0.857579 0.045872 0.062789
0 0.322098 0.573364 0.028880 0.048951
0 0.483493 0.783450 0.041940 0.056382
0 0.214488 0.459114 0.045872 0.062789
0 0.410694 0.618109 0.038274 0.043658
0 0.187781 0.646258 0.040630 0.064071
0 0.348049 0.755201 0.041940 0.060226
0 0.577598 0.296145 0.029210 0.051474
0 0.507630 0.765819 0.038008 0.055101
0 0.887430 0.998885 0.043251 0.000000
0 0.833038 0.998885 0.044562 0.000000
0 0.482861 0.731907 0.041940 0.066633
0 0.927404 0.998885 0.044562 0.000000
0 0.998860 0.998885 0.000000 0.000000
0 0.294263 0.408322 0.031922 0.052863
0 0.224982 0.258832 0.028862 0.045453
0 0.132739 0.568339 0.047183 0.060226
0 0.220973 0.368963 0.044562 0.056382
0 0.546010 0.998885 0.047183 0.000000
0 0.673141 0.998885 0.039319 0.000000
0 0.923472 0.998885 0.041940 0.000000
0 0.955583 0.998885 0.043251 0.000000
0 0.998860 0.998885 0.000000 0.000000
0 0.273100 0.329865 0.027817 0.045632
0 0.387455 0.205008 0.030529 0.046603
0 0.277972 0.725567 0.055047 0.055101
0 0.995898 0.998885 0.005924 0.000000
0 0.266840 0.227617 0.027761 0.045044
0 0.518738 0.210769 0.031098 0.042878
0 0.575352 0.077457 0.031098 0.039760
0 0.584921 0.109031 0.024719 0.037421
0 0.611234 0.159705 0.027908 0.043658
0 0.730841 0.171009 0.026313 0.036641
0 0.701338 0.216616 0.034287 0.046776
0 0.755958 0.496882 0.031895 0.038200
0 0.608045 0.346419 0.029503 0.039760
0 0.442987 0.515202 0.029503 0.038980
0 0.416275 0.544047 0.030300 0.038980
0 0.431824 0.578350 0.029503 0.045217
0 0.463719 0.575231 0.027908 0.045217
0 0.492026 0.561978 0.030300 0.049894
0 0.653894 0.588095 0.031895 0.042878
0 0.606849 0.751421 0.038274 0.043658
0 0.689776 0.825093 0.033490 0.039760
0 0.671835 0.979454 0.034287 0.036641
